,,,Text,,,Code,,,,
Train,Test,,recall,precision,f1,recall,precision,f1,Accuracy,CC,CF,TC,TF
Group_0_Size_10.txt,370.5728429985856,1.0,1.0,1.0,1.0,1.0,1.0,NaN,0,0,0,0
Group_1_Size_10.txt,330.4992927864215,1.0,1.0,1.0,1.0,1.0,1.0,NaN,0,0,0,0
Group_2_Size_10.txt,267.7878359264498,1.0,1.0,1.0,1.0,1.0,1.0,NaN,0,0,0,0
Group_3_Size_10.txt,296.12022630834514,1.0,1.0,1.0,1.0,1.0,1.0,NaN,0,0,0,0
Group_4_Size_10.txt,250.72277227722773,1.0,1.0,1.0,1.0,1.0,1.0,NaN,0,0,0,0
Group_5_Size_10.txt,249.08486562942008,1.0,1.0,1.0,1.0,1.0,1.0,NaN,0,0,0,0
Group_6_Size_10.txt,247.7100424328147,1.0,1.0,1.0,1.0,1.0,1.0,NaN,0,0,0,0
Group_7_Size_10.txt,245.8048090523338,1.0,1.0,1.0,1.0,1.0,1.0,NaN,0,0,0,0
Group_8_Size_10.txt,244.992927864215,1.0,1.0,1.0,1.0,1.0,1.0,NaN,0,0,0,0
Group_9_Size_10.txt,245.75530410183876,1.0,1.0,1.0,1.0,1.0,1.0,NaN,0,0,0,0
