,0,0.0,1,0,0,0,5,1,1,30,text
,0,0.0,2,2,0,4,7,1,1,34,text
,0,0.0,2,1,0,0,4,0,1,19,text
,0,0.0,0,0,0,0,2,0,1,17,text
,0,0.0,2,0,0,0,2,0,1,13,text
,0,0.0,1,0,0,0,2,0,1,11,text
,0,0.0,0,0,0,0,0,0,1,12,text
,0,0.0,0,0,0,1,2,0,1,28,text
,0,0.0,4,0,2,3,7,1,1,57,text
,0,0.0,0,0,0,3,4,1,1,38,text
,0,0.0,1,0,0,2,5,1,1,40,text
,0,0.0,0,0,0,3,4,1,1,28,text
,0,0.0,0,0,0,1,13,7,1,73,text
,0,0.0,1,0,0,2,3,1,1,20,text
,0,0.0,0,0,0,1,8,4,1,41,text
,0,0.0,0,0,0,1,1,0,1,10,text
,0,0.0,4,0,0,6,7,1,1,58,text
,0,0.0,0,0,0,2,9,5,1,49,text
,0,0.0,1,1,0,1,8,4,1,45,text
,0,0.0,2,0,0,1,2,0,1,16,text
,0,0.0,1,0,0,1,2,0,1,14,text
,0,0.0,0,0,0,1,0,0,1,15,text
,0,0.0,0,0,0,1,2,0,1,30,text
,0,0.0,3,0,2,3,8,1,1,62,text
,0,0.0,0,0,0,3,4,1,1,40,text
,0,0.0,1,0,0,2,5,1,1,42,text
,0,0.0,0,0,0,2,3,0,1,26,text
,0,0.0,0,0,0,2,9,5,1,49,text
,0,0.0,0,0,2,1,1,0,1,10,text
,0,0.0,0,0,0,1,0,0,1,74,text
,0,0.0,0,0,0,1,0,0,1,6,text
,0,0.0,0,0,0,1,0,0,1,8,text
,0,0.0,3,0,2,1,5,0,1,36,text
,0,0.0,0,0,4,2,5,0,1,46,text
,0,0.0,0,0,2,1,1,0,1,10,text
,0,0.0,0,0,0,1,0,0,1,74,text
,0,0.0,0,0,0,1,0,0,1,6,text
,0,0.0,0,0,0,1,0,0,1,8,text
,0,0.0,0,0,0,1,0,0,1,7,text
,0,0.0,0,1,0,2,10,5,1,69,text
,0,0.0,3,0,0,1,7,0,1,60,text
,0,0.0,2,0,2,1,7,0,1,67,text
,0,0.0,4,0,2,1,10,2,1,71,text
,0,0.0,0,0,0,1,11,6,1,66,text
,0,0.0,0,1,0,1,12,5,1,74,text
,0,0.0,3,0,0,1,8,2,1,72,text
,0,0.0,0,2,2,1,10,3,1,73,text
,0,0.0,3,1,2,1,9,0,1,69,text
,0,0.0,4,0,1,1,8,0,1,72,text
,0,0.0,1,0,5,1,5,0,1,71,text
,0,0.0,2,0,2,1,7,0,1,67,text
,0,0.0,4,0,2,1,10,2,1,71,text
,0,0.0,0,0,0,1,11,6,1,66,text
,0,0.0,0,1,0,1,12,5,1,74,text
,0,0.0,3,0,0,1,8,2,1,72,text
,0,0.0,0,2,2,1,10,3,1,73,text
,0,0.0,3,1,2,1,9,0,1,69,text
,0,0.0,4,0,1,1,8,0,1,72,text
,0,0.0,1,0,5,1,5,0,1,71,text
,0,0.0,2,0,2,1,7,0,1,67,text
,0,0.0,4,0,2,1,10,2,1,71,text
,0,0.0,0,0,0,1,11,6,1,66,text
,0,0.0,0,1,0,1,12,5,1,74,text
,0,0.0,3,0,0,1,8,2,1,72,text
,0,0.0,0,2,2,1,10,3,1,73,text
,0,0.0,3,1,2,1,9,0,1,69,text
,0,0.0,4,0,1,1,8,0,1,72,text
,0,0.0,1,0,5,1,5,0,1,71,text
,0,0.0,0,0,0,6,7,0,1,74,text
,0,0.0,0,0,0,2,2,0,1,20,text
,0,0.0,4,0,2,1,8,0,1,71,text
,0,0.0,0,0,0,3,3,0,1,36,text
,0,0.0,2,0,0,4,6,2,1,66,text
,0,0.0,1,2,2,2,7,1,1,59,code
,0,0.0,2,2,2,2,7,1,1,69,code
,0,0.0,2,2,2,2,7,1,1,67,code
,0,0.0,2,2,2,2,7,1,1,68,code
,0,0.0,2,2,2,2,7,1,1,68,code
,0,0.0,4,0,0,1,8,1,1,74,code
,0,0.0,1,0,2,2,2,0,1,21,code
,0,0.0,0,0,0,1,1,1,1,15,text
,0,0.0,4,0,0,1,7,0,1,64,code
,0,0.0,1,0,2,2,2,0,1,21,code
,0,0.0,2,1,1,1,6,1,1,67,code
,0,0.0,0,0,1,1,1,0,1,11,code
,0,0.0,1,0,0,1,5,1,1,59,code
,0,0.0,1,0,2,2,2,0,1,38,code
,0,0.0,1,0,0,1,5,1,1,63,code
,0,0.0,1,0,2,2,2,0,1,42,code
,0,0.0,0,0,2,2,8,1,1,64,code
,0,0.0,4,0,2,2,7,1,1,67,code
,0,0.0,4,0,2,2,7,1,1,67,code
,0,0.0,3,0,2,2,7,1,1,73,code
,0,0.0,0,0,0,1,1,1,1,15,text
,0,0.0,4,0,2,2,6,0,1,64,code
,0,0.0,3,0,2,2,7,1,1,67,code
,0,0.0,3,0,2,2,7,1,1,63,code
,0,0.0,4,0,2,2,7,1,1,69,code
,0,0.0,3,0,2,2,7,1,1,65,code
,0,0.0,1,0,1,1,6,1,1,69,code
,0,0.0,0,0,1,1,1,0,1,11,code
,0,0.0,1,0,0,1,5,1,1,63,code
,0,0.0,1,0,2,2,2,0,1,42,code
,0,0.0,0,0,2,2,8,1,1,64,code
,0,0.0,3,0,0,1,8,1,1,68,code
,0,0.0,1,0,2,2,2,0,1,27,code
,0,0.0,0,0,0,1,1,1,1,15,text
,0,0.0,3,0,0,1,7,0,1,74,code
,0,0.0,0,0,0,1,1,0,1,6,code
,0,0.0,1,0,2,2,3,0,1,42,code
,0,0.0,0,0,0,1,1,1,1,15,text
,0,0.0,2,0,0,1,7,0,1,70,code
,0,0.0,1,0,2,2,2,0,1,41,code
,0,0.0,1,0,2,2,9,1,1,73,code
,0,0.0,2,1,1,1,6,1,1,67,code
,0,0.0,0,0,1,1,1,0,1,11,code
,0,0.0,1,0,0,1,5,1,1,59,code
,0,0.0,1,0,2,2,2,0,1,38,code
,0,0.0,1,0,0,1,5,1,1,63,code
,0,0.0,1,0,2,2,2,0,1,42,code
,0,0.0,0,0,2,2,8,1,1,64,code
,0,0.0,0,0,0,1,1,1,1,15,text
,0,0.0,4,0,0,1,7,0,1,70,code
,0,0.0,1,0,2,2,2,0,1,29,code
,0,0.0,3,0,0,1,8,1,1,68,code
,0,0.0,1,0,2,2,2,0,1,29,code
,0,0.0,4,0,2,1,8,0,1,71,text
,0,0.0,0,0,0,3,3,0,1,36,text
,0,0.0,2,0,0,4,6,2,1,66,text
,0,0.0,1,2,2,2,7,1,1,59,code
,0,0.0,2,2,2,2,7,1,1,69,code
,0,0.0,2,2,2,2,7,1,1,67,code
,0,0.0,2,2,2,2,7,1,1,68,code
,0,0.0,2,2,2,2,7,1,1,68,code
,0,0.0,4,0,0,1,8,1,1,74,code
,0,0.0,1,0,2,2,2,0,1,21,code
,0,0.0,0,0,0,1,1,1,1,15,text
,0,0.0,4,0,0,1,7,0,1,64,code
,0,0.0,1,0,2,2,2,0,1,21,code
,0,0.0,2,1,1,1,6,1,1,67,code
,0,0.0,0,0,1,1,1,0,1,11,code
,0,0.0,1,0,0,1,5,1,1,59,code
,0,0.0,1,0,2,2,2,0,1,38,code
,0,0.0,1,0,0,1,5,1,1,63,code
,0,0.0,1,0,2,2,2,0,1,42,code
,0,0.0,0,0,2,2,8,1,1,64,code
,0,0.0,4,0,2,2,7,1,1,67,code
,0,0.0,4,0,2,2,7,1,1,67,code
,0,0.0,3,0,2,2,7,1,1,73,code
,0,0.0,0,0,0,1,1,1,1,15,text
,0,0.0,4,0,2,2,6,0,1,64,code
,0,0.0,3,0,2,2,7,1,1,67,code
,0,0.0,3,0,2,2,7,1,1,63,code
,0,0.0,4,0,2,2,7,1,1,69,code
,0,0.0,3,0,2,2,7,1,1,65,code
,0,0.0,1,0,1,1,6,1,1,69,code
,0,0.0,0,0,1,1,1,0,1,11,code
,0,0.0,1,0,0,1,5,1,1,63,code
,0,0.0,1,0,2,2,2,0,1,42,code
,0,0.0,0,0,2,2,8,1,1,64,code
,0,0.0,3,0,0,1,8,1,1,68,code
,0,0.0,1,0,2,2,2,0,1,27,code
,0,0.0,0,0,0,1,1,1,1,15,text
,0,0.0,3,0,0,1,7,0,1,74,code
,0,0.0,0,0,0,1,1,0,1,6,code
,0,0.0,1,0,2,2,3,0,1,42,code
,0,0.0,0,0,0,1,1,1,1,15,text
,0,0.0,2,0,0,1,7,0,1,70,code
,0,0.0,1,0,2,2,2,0,1,41,code
,0,0.0,1,0,2,2,9,1,1,73,code
,0,0.0,2,1,1,1,6,1,1,67,code
,0,0.0,0,0,1,1,1,0,1,11,code
,0,0.0,1,0,0,1,5,1,1,59,code
,0,0.0,1,0,2,2,2,0,1,38,code
,0,0.0,1,0,0,1,5,1,1,63,code
,0,0.0,1,0,2,2,2,0,1,42,code
,0,0.0,0,0,2,2,8,1,1,64,code
,0,0.0,0,0,0,1,1,1,1,15,text
,0,0.0,4,0,0,1,7,0,1,70,code
,0,0.0,1,0,2,2,2,0,1,29,code
,0,0.0,3,0,0,1,8,1,1,68,code
,0,0.0,1,0,2,2,2,0,1,29,code
,0,0.0,4,0,2,1,7,0,1,68,text
,0,0.0,0,0,0,3,4,0,1,40,text
,0,0.0,2,0,0,4,6,2,1,66,text
,0,0.0,1,2,2,2,7,1,1,59,code
,0,0.0,2,2,2,2,7,1,1,69,code
,0,0.0,2,2,2,2,7,1,1,67,code
,0,0.0,2,2,2,2,7,1,1,68,code
,0,0.0,2,2,2,2,7,1,1,68,code
,0,0.0,4,0,0,1,8,1,1,74,code
,0,0.0,1,0,2,2,2,0,1,21,code
,0,0.0,0,0,0,1,1,1,1,15,text
,0,0.0,4,0,0,1,7,0,1,67,code
,0,0.0,1,0,2,2,2,0,1,21,code
,0,0.0,2,1,1,1,6,1,1,67,code
,0,0.0,0,0,1,1,1,0,1,11,code
,0,0.0,1,0,0,1,5,1,1,59,code
,0,0.0,1,0,2,2,2,0,1,38,code
,0,0.0,1,0,0,1,5,1,1,63,code
,0,0.0,1,0,2,2,2,0,1,42,code
,0,0.0,0,0,2,2,8,1,1,64,code
,0,0.0,4,0,2,2,7,1,1,67,code
,0,0.0,4,0,2,2,7,1,1,67,code
,0,0.0,3,0,2,2,7,1,1,73,code
,0,0.0,0,0,0,1,1,1,1,15,text
,0,0.0,4,0,2,2,6,0,1,64,code
,0,0.0,3,0,2,2,7,1,1,67,code
,0,0.0,3,0,2,2,7,1,1,63,code
,0,0.0,4,0,2,2,7,1,1,69,code
,0,0.0,3,0,2,2,7,1,1,65,code
,0,0.0,1,0,1,1,6,1,1,69,code
,0,0.0,0,0,1,1,1,0,1,11,code
,0,0.0,1,0,0,1,5,1,1,63,code
,0,0.0,1,0,2,2,2,0,1,42,code
,0,0.0,0,0,2,2,8,1,1,64,code
,0,0.0,3,0,0,1,8,1,1,68,code
,0,0.0,1,0,2,2,2,0,1,27,code
,0,0.0,0,0,0,1,1,1,1,15,text
,0,0.0,3,0,0,1,7,0,1,74,code
,0,0.0,0,0,0,1,1,0,1,6,code
,0,0.0,1,0,2,2,3,0,1,42,code
,0,0.0,0,0,0,1,1,1,1,15,text
,0,0.0,2,0,0,1,7,0,1,70,code
,0,0.0,1,0,2,2,2,0,1,41,code
,0,0.0,1,0,2,2,9,1,1,73,code
,0,0.0,2,1,1,1,6,1,1,67,code
,0,0.0,0,0,1,1,1,0,1,11,code
,0,0.0,1,0,0,1,5,1,1,59,code
,0,0.0,1,0,2,2,2,0,1,38,code
,0,0.0,1,0,0,1,5,1,1,63,code
,0,0.0,1,0,2,2,2,0,1,42,code
,0,0.0,0,0,2,2,8,1,1,64,code
,0,0.0,0,0,0,1,1,1,1,15,text
,0,0.0,4,0,0,1,7,0,1,70,code
,0,0.0,1,0,2,2,2,0,1,29,code
,0,0.0,3,0,0,1,8,1,1,68,code
,0,0.0,1,0,2,2,2,0,1,29,code
,0,0.0,0,0,0,1,2,0,1,17,text
,0,0.0,2,0,0,3,11,0,1,77,text
,0,0.0,3,0,0,4,11,1,1,71,text
,0,0.0,1,1,0,2,9,4,1,67,text
,0,0.0,1,0,0,1,9,4,1,70,text
,0,0.0,0,0,0,1,7,3,1,64,text
,0,0.0,0,1,0,2,11,5,1,73,text
,0,0.0,0,2,0,1,14,7,1,72,text
,0,0.0,0,1,0,1,11,5,1,74,text
,0,0.0,1,2,0,1,9,4,1,55,text
,0,0.0,0,0,0,1,0,0,1,5,text
,0,0.0,1,0,0,1,2,0,1,18,text
,0,0.0,0,0,0,1,0,0,1,15,text
,0,0.0,3,7,0,3,70,32,1,462,text
