,0,0,0,0,0,0,0,0,3,5,text
,0,0,0,1,0,0,8,4,1,35,text
,0,0,0,0,0,0,0,0,3,2,text
group,4,0,1,0,0,0,12,1,4,77,text
group,0,0,0,0,0,0,0,0,3,2,text
group,0,0,0,0,0,0,0,0,3,2,text
,0,0,0,0,0,0,2,1,1,7,text
,0,0,0,0,0,0,0,0,3,2,text
,0,0,0,0,1,1,3,2,1,20,text
,0,0,0,0,0,0,0,0,3,2,text
group,0,0,2,0,2,3,4,0,2,53,code
group,0,0,0,0,0,0,0,0,3,2,code
group,0,0,0,0,0,0,1,1,1,2,text
group,0,0,0,0,0,0,0,0,3,2,text
group,0,0,2,0,2,0,3,0,2,41,code
group,0,0,0,0,0,0,0,0,3,2,code
group,0,0,0,0,0,0,1,1,1,2,text
group,0,0,0,0,0,0,0,0,3,2,text
group,0,0,2,0,2,2,3,0,2,39,code
group,0,0,0,0,0,0,0,0,3,2,code
,0,0,1,0,0,0,1,0,1,4,text
